-998079363
-998079347
-997981033
-997686024
-997456689
-997620505
-996965085
-997227237
-997816993
-998013584
-997620377
-999258997
-999488367
-1000798988
-1001093905
-1000569602
-1000143657
-1001847581
-999652087
-1005943903
-1005550680
-1005026382
-1004436566
-1005354077
-1004174402
-1004305455
-1004305434
-1003781138
-1006533595
-1006369742
-1005124511
-1005910930
-1004665763
-1004600194
-1005124493
-1004829507
-1004370760
-1003322113
-1004665637
-1004796717
-1006631689
-1004075789
-1003485970
-1003387679
-1006631662
-1005484738
-1004337895
-1004632801
-1006533313
-1005714084
-1005419177
-1004239507
-1004075658
-1003780742
-1003813499
-1004206719
-1006434928
-1005189719
-1006336639
-1004730980
-1005746801
-1005156961
-1006074485
-1003649614
-1002764867
-1004337757
-1003616814
-1004272173
-1003584057
-1004862005
-1004927548
-1005419011
-1006336562
-1003256368
-1004436023
-1004370468
-1006565843
-1006467565
-1005877749
-1006631394
-1006565753
-1005549905
-1005287751
-1006041471
-1006565664
-1008467075
-1007156385
-1007975555
-1007516804
-1007582334
-1008565372
-1006795708
-1006828281
-1009351331
-1010301571
-1010793105
-1006729861
-1007843984
-1008138901
-1008007847
-1009679002
-1010596475
-1007516171
-1008728629
-1006762499
-1010399761
-1009089074
-1010760207
-1010694685
-1010104842
-1010530861
-1006762539
-1006991908
-1007057466
-1007483450
-1007680033
-1008073177
-1007581665
-1008499159
-1008269770
-1008925134
-1010137502
-1010497925
-1010268564
-1009318323
-1010039144
-1009678685
-1008990550
-1007810883
-1007778124
-1007515989
-1006762350
-1009285459
-1008040243
-1009187132
-1008400695
-1007221044
-1007679771
-1007515908
-1007712565
-1007712506
-1008433285
-1008138402
-1008531620
-1008924855
-1010563147
-1011088007
-1011907115
-1012398642
-1011481065
-1012103665
-1011939819
-1011349902
-1013086598
-1014233486
-1014462873
-1013840271
-1013807495
-1013283204
-1013610844
-1012136266
-1012693327
-1011349887
-1014561139
-1013545291
-1013807373
-1012758845
-1013643526
-1014298877
-1012955245
-1013479550
-1012693098
-1010858051
-1014233170
-1013217390
-1014167654
-1011185715
-1013020695
-1013151752
-1010956342
-1014364154
-1013413866
-1013676032
-1010923501
-1012660218
-1011349492
-1011709945
-1011054586
-1018658180
-1018133880
-1018297685
-1019149689
-1018658158
-1018428777
-1018068319
-1017150086
-1019083449
-1017281145
-1017707117
-1017018991
-1018821140
-1018526176
-1018329576
-1019083241
-1018952145
-1018296792
-1019050457
-1015544207
-1017117078
-1015675248
-1015544164
-1015413119
-1015118207
-1016953216
-1017870701
-1017510210
-1017379151
-1018526044
-1018624368
-1017313646
-1017444707
-1017968953
-1018001699
-1018460457
-1016920373
-1017215289
-1015347396
-1015871667
-1015871618
-1016494211
-1017968799
-1018230956
-1017903278
-1016330420
-1018525879
-1017084083
-1015904413
-1018296424
-1019050105
-1018624095
-1018067013
-1019148357
-1018624063
-1022655959
-1022066131
-1022328271
-1023212973
-1022688672
-1021214105
-1021050294
-1020984747
-1019280786
-1019608486
-1019936158
-1022229928
-1023376613
-1023311062
-1022098628
-1022590148
-1020820611
-1021017238
-1020427405
-1019673708
-1020132457
-1022753544
-1022163720
-1019738832
-1023179518
-1022163701
-1021868682
-1022261894
-1021541015
-1019411124
-1019312795
-1020623532
-1020885668
-1019607744
-1019280040
-1021115019
-1021442726
-1019968112
-1019542124
-1020459637
-1020197460
-1021999664
-1022655020
-1021671967
-1021377077
-1019279901
-1020328438
-1020492271
-1021180402
-1020885490
-1019574671
-1020131756
-1019935141
-1019869586
-1021180034
-1019770989
-1020262496
-1021311079
-1021606004
-1020524636
-1021048945
-1020033105
-1022752817
-1022457896
-1020131392
-1027538519
-1027407442
-1026522644
-1026817568
-1024425520
-1027210798
-1026948623
-1025736161
-1026358769
-1027079674
-1023770093
-1024130557
-1025309955
-1026620696
-1026915623
-1026030891
-1026194717
-1024752945
-1026555175
-1026784497
-1023605974
-1025342703
-1026555113
-1026981083
-1026981099
-1026849953
-1023671460
-1026981016
-1027472530
-1027243166
-1024162979
-1027341106
-1027078970
-1023671058
-1024719502
-1024359043
-1023769229
-1025997407
-1026030157
-1024195189
-1025571381
-1025014319
-1025309211
-1024064017
-1024522765
-1025800736
-1024948773
-1025243703
-1024391639
-1024752096
-1023539661
-1024424448
-1023998419
-1030094472
-1030291093
-1030160046
-1031274130
-1027931738
-1029439061
-1029013092
-1030782492
-1030585546
-1031044306
-1030945995
-1029504215
-1030585502
-1029962842
-1030028390
-1031699541
-1030159456
-1030487124
-1030618188
-1029176136
-1030323011
-1029372774
-1028553563
-1027996449
-1028586285
-1028586263
-1029864256
-1028324126
-1028684576
-1029077532
-1028717084
-1027799567
-1029110310
-1028323867
-1031731465
-1033240274
-1033731777
-1031863958
-1035370117
-1034321550
-1034485378
-1033469629
-1033109177
-1035239054
-1033862831
-1035337317
-1035304575
-1034976883
-1032191557
-1034812996
-1033371215
-1032584785
-1031896645
-1033240152
-1033469547
-1034288749
-1035828833
-1035861400
-1035828610
-1035206019
-1034911101
-1033076004
-1033698587
-1032551580
-1033043107
-1035041934
-1032420516
-1034157131
-1033665547
-1034255376
-1034550313
-1035533295
-1035926513
-1033731018
-1035926500
-1035664378
-1034353660
-1031830419
-1033337762
-1032682404
-1032616838
-1033042833
-1032584087
-1032255758
-1032452355
-1032026375
-1038679629
-1038908994
-1040088586
-1039498783
-1039236668
-1040186884
-1039957376
-1038548254
-1038286137
-1038679316
-1038187808
-1039301918
-1040022780
-1038122180
-1040088295
-1036090533
-1037237409
-1037827241
-1037892756
-1038351518
-1036221592
-1037237369
-1036057719
-1037925320
-1036286958
-1038253006
-1037499330
-1039170502
-1036647401
-1038023596
-1037728690
-1038744455
-1039104949
-1039399861
-1037532035
-1038384018
-1037761432
-1038416762
-1039334229
-1037728635
-1038416755
-1038187389
-1039760214
-1038318341
-1039071995
-1038482173
-1038809856
-1040317949
-1040350593
-1042087300
-1041202559
-1040219397
-1040481524
-1041366259
-1040317675
-1043201268
-1041366270
-1040874732
-1042611436
-1044380589
-1043168066
-1043528515
-1040415569
-1042774840
-1041988399
-1043659559
-1041791785
-1044151086
-1040349839
-1042872997
-1042709167
-1043036863
-1041070667
-1040611910
-1040611967
-1040775742
-1048084135
-1047461201
-1047625067
-1045167461
-1046510953
-1048018276
-1044938083
-1044708707
-1046445187
-1046412466
-1046215815
-1046805677
-1047264432
-1047624756
-1047985204
-1045429191
-1045265345
-1045003205
-1044544435
-1048411013
-1044773818
-1048509349
-1047984975
-1047558985
-1047755587
-1048378222
-1047165697
-1046444813
-1046575895
-1048509167
-1047100148
-1048279795
-1047722524
-1049362098
-1048739510
-1049296568
-1052736934
-1050279297
-1050803580
-1050312050
-1049918823
-1051098374
-1051131134
-1051327694
-1051032801
-1051589883
-1051720915
-1051884697
-1048673329
-1050016707
-1049066455
-1048607699
-1052146660
-1049820088
-1049492393
-1049164685
-1052539727
-1049131806
-1048935205
-1052638009
-1048607517
-1049230095
-1051917025
-1048836855
-1050442374
-1049262674
-1050638964
-1049918029
-1056603543
-1056701841
-1056439676
-1056570738
-1053392133
-1056177375
-1055783944
-1055521811
-1053916113
-1055718386
-1055325166
-1053916093
-1053129555
-1056111426
-1056275256
-1056471871
-1053817622
-1053358895
-1053063951
-1053915934
-1053031202
-1056176879
-1055816431
-1052932841
-1056176848
-1056930354
-1057684777
-1058798822
-1058798791
-1057684736
-1057946874
-1060568248
-1057651894
-1060142222
-1059355781
-1057848506
-1060371536
-1060502600
-1059945597
-1059880014
-1060043851
-1060731916
-1059388419
-1059093505
-1060961328
-1059748871
-1058733081
-1060961296
-1060764707
-1060043755
-1060142043
-1060731904
-1058732967
-1059355575
-1058831295
-1059879789
-1059847034
-1060240215
-1059552116
-1059879761
-1060403923
-1059551953
-1059551931
-1060207294
-1058830929
-1059158631
-1058994784
-1057421880
-1057946163
-1057290795
-1062370528
-1062075617
-1061780728
-1061453054
-1061780703
-1063550123
-1062763689
-1061911712
-1062042772
-1062927475
-1064664169
-1063648368
-1063681124
-1061256217
-1061485587
-1065155609
-1063320529
-1063320539
-1063844816
-1063418824
-1065351953
-1064925957
-1064893167
-1064729337
-1062107720
-1062468164
-1061780045
-1061812826
-1062468183
-1064040995
-1064401451
-1063877146
-1066499140
-1067678786
-1067678795
-1065712664
-1066597429
-1066138667
-1067056108
-1069153251
-1066400763
-1067383790
-1068891111
-1069284311
-1066466193
-1066761097
-1066826617
-1066564466
-1066105609
-1069447932
-1065614075
-1069251318
-1069153023
-1070431169
-1069939697
-1070201798
-1071905677
-1069579180
-1071840154
-1069906854
-1070037916
-1072823146
-1073347420
-1071872791
-1070136072
-1069972227
-1071905544
-1071020755
-1072167675
-1070136057
-1070365424
-1072134890
-1071151815
-1070561976
-1070987964
-1070004795
