-1072232886
-1072429444
-1072134535
-1072724365
-1072560564
-1071905155
-1072560436
-1072724281
-1072527656
-1073117487
-1073313929
-1072494723
-1073608844
-1072658573
-1073543243
-1072232328
-1072592718
-1073149807
-1073379137
-1073346411
-1072068478
-1072396133
-1071478635
-1073280826
-1073116887
-1073477342
-1073706714
-1073641047
-1072756161
-1071773125
-1071904210
-1072231862
-1072952705
-1072002489
-1073640822
-1073313148
-1073018061
-1072461030
-1072035028
-1072002275
-1072526546
1074595343
1077774008
1077249787
1077610179
1075578682
1075808053
1077511966
1077282571
1077675797
1075709767
1074268069
1073907642
1076856817
1074071544
1077675969
1073842163
1073874896
1076889574
1077446652
1077381106
1075120174
1076987960
1075939366
1075841085
1075611685
1076332592
1076889643
1076594740
1074104410
1073842268
1076234424
1075185821
1075841182
1075546265
1075546278
1073875132
1077807262
1073907912
1075906798
1076725966
1074497752
1074858202
1076594919
1077479664
1076660466
1076791594
1075546377
1076857097
1075677441
1077184787
1077315840
1076594978
1076201739
1075218781
1075448171
1076922738
1076889977
1076463958
1076660606
1076857184
1076431235
1077086596
1074203049
1074268568
1076496886
1077774787
1077414343
1074989552
1076169207
1076365808
1075841598
1075350075
1076202035
1075120654
1075808821
1075513912
1077381709
1077283451
1077283395
1077611092
1075579459
1076628092
1074858573
1076988541
1077086793
1076431547
1076202170
1076333185
1074334399
1074105033
1074629320
1079707155
1079445024
1078232692
1078101610
1082033791
1078789758
1082033744
1078724176
1081804375
1078658699
1079510670
1078527697
1078232795
1078855394
1080133366
1080461038
1079674616
1078724412
1079248689
1078167370
1078003639
1078331327
1082066850
1078364084
1078364141
1079511025
1078626294
1079183339
1078233063
1079085119
1079937083
1078822976
1079380048
1079314502
1079806109
1080264887
1080264872
1078888601
1079543970
1079609497
1079609477
1078266090
1080658163
1079970042
1079347412
1078855892
1082001672
1082001696
1078200700
1081674103
1081411943
1078266289
1078233477
1080789465
1080527334
1080723953
1079282226
1079511598
1080887852
1078069818
1079675453
1079708210
1080625720
1078889014
1080953399
1078430258
1078659702
1079052922
1078004304
1079282294
1078332029
1080822490
1080232675
1085867565
1082263155
1084360311
1084589659
1082689146
1084065391
1082132068
1085081161
1082230421
1082427016
1084163715
1083344525
1082492811
1082492819
1082623875
1084590128
1084557371
1082394881
1085213049
1085049218
1083279792
1083312595
1083574745
1083083270
1082755614
1082427918
1085770303
1082886671
1085836020
1085246174
1084689122
1084984043
1085344559
1084295973
1085672278
1085410126
1086359084
1090094647
1090389557
1089865301
1086981707
1087440557
1087145651
1087374987
1088227005
1089013420
1087080076
1086817934
1089013434
1087243964
1089242861
1090422522
1090160379
1088095980
1088358141
1086818012
1086916322
1089013444
1088489153
1088358130
1087538881
1086621408
1090029338
1090357009
1088063232
1090258695
1089537930
1088751507
1088948109
1089308574
1089767737
1086425467
1089505601
1086491017
1086458287
1086917067
1087113683
1088817676
1088424465
1086327368
1086622286
1087572561
1087310414
1090095820
1090325202
1090226905
1089407805
1089145638
1089309492
1089702735
1089604421
1090881075
1092027963
1092683334
1091864135
1093174853
1092585040
1092257461
1092454075
1092519589
1092683439
1092126380
1093863136
1094256347
1094158025
1091143417
1094518500
1091372802
1093994301
1093830455
1092749061
1092519695
1091634988
1092028200
1093699517
1093437371
1092847550
1093830596
1093142472
1094191406
1094453528
1093601643
1093372270
1092290977
1092094377
1093077486
1092979164
1090587091
1091799548
1091996146
1092684242
1090750919
1092422115
1093405163
1094650347
1092815352
1094191660
1091897858
1094552121
1092192895
1090620070
1092520604
1092192910
1092225687
1092815520
1090620057
1093438258
1092979509
1093438266
1093995324
1093634992
1095894757
1095567070
1098712836
1094780681
1098188563
1094911769
1098516236
1094813459
1094911758
1096910812
1097762788
1096746977
1096780019
1096616187
1096419586
1096026399
1094945037
1094748431
1096223093
1096550780
1097992553
1097271644
1095010786
1097042395
1097206228
1095010800
1095207387
1097337310
1096780258
1095305697
1094814176
1094879807
1098713661
1095174754
1096911482
1095109236
1095535222
1098877517
1095207495
1095371369
1095142014
1095109229
1096288897
1095994040
1097140907
1097042618
1098058425
1097599682
1095928517
1094945494
1095371476
1097337544
1095994090
1095666368
1096092401
1098812404
1101563645
1102841610
1102251791
1102055223
1101956864
1099007758
1102448385
1102055208
1102382913
1103005585
1102677900
1099958329
1100613668
1100417075
1099139129
1102383205
1101858914
1099434049
1100417251
1099794777
1099368806
1101662583
1102678385
1100056937
1099172210
1101334902
1102776640
1099139418
1101105511
1099762024
1101367649
1101105597
1102514594
1102449073
1101924797
1101760922
1102186914
1102940558
1102350795
1102645833
1102252614
1100057173
1099696723
1100450467
1100614295
1100745373
1101597548
1100942207
1102252870
1101368189
1099074540
1099631593
1099271141
1105561426
1105102681
1105299276
1105037126
1104643918
1103169423
1103202200
1106216962
1106479165
1106085909
1105922063
1105889285
1106348086
1104611576
1105561864
1104120064
1107233102
1103169859
1103301013
1106315726
1106577886
1106545109
1107266356
1107757210
1110640884
1110935787
1110411501
1108740429
1107396956
1108969807
1108576594
1109527324
1107430204
1109855002
1114638290
1114638365
1114966032
1111754773
1112475655
1111754763
1114605605
1111918609
1114376236
1114310689
1114704153
1113328123
1112967674
1115458469
1114966935
1118931294
1119422828
1119062383
1119258982
1117391411
1119685578
1119849426
1122764947
1121257623
1120831651
1123158161
1122568418
1123289342
1121782058
1121618224
1123518721
1121388846
1123649950
1123813799
1123682735
1121585573
1122142627
1121389019
1123387878
1123027443
1120766455
1121880569
1123420661
1120045563
1120700899
1121356273
1121618405
1123092960
1122732509
1121258033
1121487410
1121421881
1120078806
1120275417
1120373726
1122012190
1122110504
1122077772
1122143317
1122012228
1125648700
1128073525
1125386591
1125779803
1127909697
1125845356
1124174244
1125058991
1128139143
1125812627
1125550501
1124207039
1125550512
1126042009
1125779873
1124469180
1127123455
1126173121
1124960717
1124239871
1125124553
1124403734
1124731406
1127844473
1127090812
1125943937
1128204940
1126173364
1125911219
1126829136
1126501464
1126796380
1131841724
1131251841
1130924167
1130924176
1131317397
1129646319
1129974001
1128466807
1128761696
1129187690
1128565098
1129646403
1131579730
1129482687
1130924453
1128270227
1130695079
1130432941
1128991178
1128827355
1129318853
1132431877
1130269241
1131678274
1128761985
1128925835
1128696464
1129024131
1130105502
1131612866
1131219663
1131186941
1131842255
1130924752
1129220919
1128762178
1128958958
1129188334
1129450487
1128598510
1129319393
1135315113
1134069918
1135347912
1136626020
1135249734
1133513169
1133382090
1133677015
1133709790
1132923381
1132562934
1136298722
1132628687
1134725865
1135020788
1133153007
1135643344
1134168807
1134201846
1133874170
1133448208
1133579267
1133054993
1140295904
1138231501
1139869910
1140066524
1140459735
1138788652
1138592030
1139050781
1138592019
1136986389
1140263218
1139575113
1140296004
1139509588
1140361559
1137150496
1140722220
1136855672
1137478266
1140689572
1140492958
1139444417
1137085160
1138494175
1136724712
1138887369
1139116757
1139608303
1138395842
1136954193
1137511258
1137281877
1141180563
1141409953
1142753418
1142655248
1143146768
1141279064
1142327700
1144752540
1144162697
1143966119
1143310841
1143572977
1143507418
1143409202
1143802427
1143179835
1143638647
1142262395
1141869177
1143147153
1143048840
1142065794
1142721156
1145014976
1141574385
1141312234
1141115631
1141115620
1144261383
1143638799
1143376660
1143933704
1144163148
1143868234
1148586256
1146849547
1146882477
1147177374
1147537841
1145178535
1147898297
1148979686
1149077969
1148586544
1145703024
1145735807
1149078102
1148193381
1148357212
1145965175
1145735842
1147505293
1146325642
1145440912
1145932427
1148717714
1149176461
1145801426
1145899714
1148455658
1145506503
1146686265
1146358570
1146096445
1149471398
1151208105
1149799079
1151077021
1151666861
1150192344
1149471485
1149864645
1149700835
1149307634
