-2110355543
-2110879818
-2111240262
-2111666241
-2110617793
-2110388446
-2110584981
-2111010957
-2110617811
-2111174878
-2111731906
-2110978324
-2111273238
-2112419959
-2112616579
-2112452801
-2112911566
-2112649427
-2112026837
-2113829222
-2113567089
-2113534296
-2113010147
-2113239511
-2113501667
-2113010124
-2113895744
-2115827781
-2114287721
-2114189409
-2116024371
-2114123865
-2115500083
-2114254964
-2114320746
-2114615675
-2115172842
-2115860970
-2115598835
-2115893812
-2115435745
-2115632356
-2116025615
-2115632389
-2114551078
-2115632402
-2114321692
-2114616605
-2116384820
-2117040164
-2117663057
-2117892405
-2116942148
-2116123120
-2116287006
-2116385329
-2116123177
-2116582612
-2116779216
-2116680992
-2116189478
-2119596075
-2119202854
-2120022063
-2119235806
-2119432422
-2119465173
-2119891164
-2118154556
-2118449454
-2118285643
-2118580546
-2120055307
-2118417013
-2118679191
-2119072477
-2118482573
-2118974163
-2118613718
-2118843113
-2119859054
-2119727989
-2120154073
-2120219568
-2120055759
-2119859286
-2119892068
-2118909104
-2119400701
-2119040167
-2120023169
-2119629967
-2118974735
-2119204157
-2120187205
-2119105815
-2119302413
-2120251440
-2120611909
-2120448230
-2121824406
-2121267338
-2121857161
-2121627781
-2120940032
-2120874502
-2120448529
-2122152699
-2121333627
-2121431920
-2120252264
-2120645466
-2122185694
-2120579998
-2121595871
-2120612775
-2122218476
-2122316686
-2120907827
-2121071654
-2121104409
-2120973593
-2120645923
-2120973604
-2124216348
-2124315082
-2123528633
-2123954627
-2124315095
-2123299225
-2124118594
-2124216912
-2122775234
-2122578684
-2122906289
-2122349243
-2122644147
-2122414851
-2122545933
-2123430804
-2123627395
-2123103112
-2122611592
-2124282974
-2123267326
-2123234569
-2123693337
-2124348715
-2122972462
-2123267411
-2123463954
-2122874197
-2123070809
-2124053769
-2123136314
-2124675101
-2124544036
-2125002800
-2125428778
-2125199692
-2125429060
-2125363541
-2125429098
-2125592933
-2124708306
-2124642781
-2124544587
-2125068953
-2125101740
-2124741275
-2124872364
-2125364344
-2124708961
-2125986960
-2125724817
-2126412993
-2126282031
-2126347540
-2125167917
-2127755061
-2128443338
-2128410524
-2128214448
-2127264178
-2128443807
-2128443826
-2126707126
-2127067581
-2127461229
-2127461208
-2127166317
-2127657812
-2127395705
-2128510044
-2128542820
-2126740736
-2126642374
-2126609692
-2130474587
-2130179703
-2130245215
-2129983107
-2129262378
-2130048956
-2129426368
-2129229722
-2129295309
-2129754041
-2130311353
-2130507948
-2130377596
-2130246562
-2129951625
-2130017178
-2128772180
-2129165377
-2129558796
-2129722627
-2131752647
-2131654527
-2131588970
-2131982190
-2131097784
-2130802864
-2131032234
-2131492040
-2131754178
-2132573357
-2134177503
-2133620454
-2134406874
-2134112244
-2134210575
-2133850122
-2134374404
-2134833162
-2134112926
-2134014643
-2133752473
-2133818557
-2136995139
-2136208724
-2136110409
-2136765904
-2136143303
-2135684811
-2136798856
-2135914174
-2135455409
-2136602259
-2136635033
-2135947089
-2136733815
-2136799341
-2136504434
-2135292124
-2136046282
-2136275645
-2135718599
-2136341306
-2135718709
-2135620430
-2136013625
-2135817032
-2136177825
-2136865957
-2136308919
-2134965431
-2136505573
-2136734951
-2136079538
-2138338649
-2138633554
-2138928536
-2138666414
-2138830246
-2138568076
-2138404259
-2137749057
-2138863203
-2137749095
-2139059818
-2137519783
-2137421652
-2137323577
-2137258050
-2137585719
-2138962047
-2137127018
-2137192569
-2137421871
-2138372229
-2138372246
-2138306735
-2138208443
-2137127043
-2138733305
-2138241814
-2138438432
-2138667793
-2138798853
-2138929943
-2137684940
-2137357261
-2137586642
-2137488352
-2137160934
-2138504504
-2137947396
-2138963278
-2137619732
-2139420099
-2139780546
-2139518519
-2139289206
-2140108335
-2140042790
-2139256420
-2139715119
-2140895195
-2140567527
-2141158169
-2139355986
-2140797730
-2140502840
-2141125414
-2139585353
-2139716403
-2141190998
-2140011345
-2139585345
-2140961635
-2141027182
-2140306394
-2140339109
-2140535716
-2140273584
-2141060047
-2140076963
-2139257823
-2140732364
-2140798055
-2141125741
-2139553086
-2141126063
-2142991665
-2143057231
-2142270861
-2141615519
-2141255072
-2141648274
-2142565789
-2142336575
-2141877836
-2143189715
-2143058764
-2141420344
-2142305048
-2142894936
-2141322091
-2142403375
-2141322029
-2141518677
-2143288149
-2141912180
-2141584511
-2142305393
-2142567522
-2141781120
-2143157420
-2143255740
-2142633262
-2142797112
-2142305575
-2142764312
-2142240049
-2142272923
-2145121536
-2143581529
-2145318262
-2143450616
-2143712764
-2144007690
-2144368159
-2143909412
-2144171671
-2144040607
-2143942321
-2144926411
-2144729812
-2143550165
-2145123029
-2144271047
-2143779518
-2143943378
-2144369454
-2144500521
-2143353674
-2143615824
-2143877918
-2143976233
-2144238364
-2144893961
-2144533507
-2145058007
-2143354037
-2143648941
-2145352915
-2145352925
-2144861403
-2145025257
-2143550652
-2144894181
-2144206094
-2144566535
-2144075032
-2147120425
-2146170176
-2146989364
-2146530595
-2145907975
-2146661697
-2145613151
-2145678699
-2145482000
-2146761868
-2146401412
-2146696539
-2147122518
-2146860392
-2147253598
-2147482902
-2147024315
-2147188166
-2147417530
-2147319267
-2145877538
-2147384896
-2146827835
1903284
199404
1477306
494324
658009
395881
1247817
166469
689562
1410477
296297
394621
1934602
885973
951488
1672446
1705162
1966859
623306
197328
164547
262903
951021
525042
787127
524980
656039
361015
262725
623177
688724
98868
164441
655799
1081786
1376680
1376696
2230954
2525889
3181084
3869224
4065819
3409358
3409344
2819334
3146483
3048173
3965653
3637982
2851577
2622202
2916797
5802672
5573301
4983482
5802645
5900956
5114497
5835373
5802618
6030639
4817538
4457107
4883094
4948618
4817507
4817515
4784685
4456980
4948575
4391413
4456937
4653557
6457971
6720051
7113236
7604752
7146087
7735935
7899767
7801346
7145995
8358399
6882821
7177748
6456709
7636404
7341471
6981050
6686199
7341455
7210432
9243154
10193461
9800257
9505351
9275953
9275847
9275839
9013697
9963248
10192588
9832117
10225347
8488566
8619539
9045618
10421880
8685070
9078376
9406058
8783484
8881688
9667742
12486537
10782463
11142910
10552977
11896479
11044550
11437754
11241152
10880656
11241005
10847852
10618418
10585713
10913395
10978883
11109881
10978795
10814929
11699302
11895906
12223583
11568233
14387280
14649374
14288993
14026625
13469578
13240229
13502388
13633451
14452612
14059165
14321344
14419622
12977801
14321326
13567612
13862524
13698567
14026265
13993476
12617338
13567505
13370772
12879258
14189966
13796749
14452220
13895063
14386472
14124328
14026034
13960506
13862189
14058702
14255301
15141307
14846389
14944658
15600063
14879134
15501752
14911914
15599753
16451715
15599765
16681098
15337592
15009837
14682156
14813220
16386061
14845978
16451483
16549765
16647945
16320380
16221945
16746203
15468115
15599201
15861354
15992447
15664760
15795623
16057778
16582064
16057674
16287048
15435081
15697242
15893817
17074665
17238480
17697244
17566164
17500643
18712911
18352396
17500432
18647403
18319645
17401994
17008869
18155762
18810947
18221082
17860716
17533030
17762188
18581389
18581496
18221005
18286468
17532912
18057145
17565616
17499990
18319181
17794894
18417474
18810748
17401601
17631103
17041237
18089726
17139204
17434036
17204681
17368564
16877033
17597939
17859902
17794353
17564979
19859861
19630470
20842766
19368296
19728540
19499237
20515034
20514946
20056289
20777109
19859470
19892251
18909231
19335117
19007450
20219837
19335144
20318164
20056022
20449223
19564389
19367776
19924822
20121218
19793586
20055720
20448905
20055733
20874820
19629574
19957250
20612674
19432968
20022777
20383073
20055371
21858795
21563874
21334494
21367271
22186262
22841686
22514003
21891346
22350176
22907193
21367067
21137620
21104777
22448212
22677575
22054979
21759977
21596153
22120426
22218673
21366768
21104345
21169889
22480520
22480513
21661401
22677114
21071418
23595406
23398710
25004401
24054129
24643953
23070800
24709120
24283140
25036678
24872819
24741684
23889708
24774439
24610678
25495907
25168233
25430382
27232633
27036019
27068631
26674783
26805868
26773078
27002464
29100497
29329871
27462001
27494779
28018916
27658449
28018837
27724009
27723998
28248173
28412021
28510238
28575853
28772381
29559328
31361547
29559334
33229341
32541244
32999996
31558159
38275621
38668845
