-1023866893
-1023604752
-1023899682
-1023965226
-1023571972
-1026324483
-1026062345
-1025865732
-1028716506
-1029044177
-1029470148
-1029535665
-1030027239
-1030354779
-1033336786
-1033238407
-1033107381
-1033435050
-1033369508
-1033271140
-1031993185
-1032976250
-1034877367
-1034582448
-1035434368
-1034877210
-1035237550
-1035139231
-1034942641
-1035860099
-1035270331
-1034614860
-1034680385
-1035859937
-1035925482
-1035794229
-1035990845
-1037761012
-1037990383
-1037203870
-1037203849
-1037367699
-1036450129
-1036417403
-1036384521
-1036744952
-1036056816
-1036384509
-1036515451
-1036023923
-1036417137
-1037662233
-1037760527
-1036220413
-1037236092
-1036875637
-1037498230
-1036252981
-1039006202
-1038514674
-1039825302
-1038809494
-1040153009
-1039628558
-1038743868
-1039071467
-1038579932
-1039497362
-1039399069
-1038743606
-1038284835
-1038186494
-1039693807
-1038808970
-1038514065
-1039529795
-1038514029
-1039169345
-1038939943
-1039267569
-1039103742
-1039628013
-1042217420
-1042184666
-1041988040
-1041299892
-1040972221
-1040873836
-1041856838
-1041692865
-1041332189
-1041037274
-1041758184
-1042118647
-1041757992
-1041856285
-1041594160
-1041987316
-1041659633
-1041757946
-1043823049
-1043134918
-1043200479
-1044052374
-1043200415
-1044117838
-1043233065
-1043396858
-1043757218
-1043232736
-1043888088
-1043429335
-1044313936
-1043003213
-1043593083
-1043003235
-1044281131
-1043330817
-1042904871
-1043429154
-1044215557
-1043429180
-1043691260
-1042773704
-1042970277
-1042478764
-1043756732
-1042740918
-1042314916
-1044379220
-1043986000
-1044675021
-1046346208
-1045002717
-1045854623
-1045133565
-1044773080
-1045788835
-1046444197
-1046149281
-1045297304
-1044608985
-1046476688
-1044838215
-1045067598
-1045493575
-1045198643
-1045329626
-1044543232
-1044739785
-1044936397
-1045231271
-1044608667
-1044412067
-1046247060
-1044411975
-1045067382
-1044870765
-1045296762
-1046410832
-1047984660
-1047001551
-1046673872
-1046903238
-1047656896
-1047689656
-1048312239
-1048541617
-1046772061
-1046575440
-1046509934
-1046673751
-1046575378
-1047001370
-1046706419
-1046575339
-1046608058
-1046968402
-1047132229
-1046935613
-1048377339
-1047197539
-1047230316
-1047164794
-1046935246
-1050409429
-1050442228
-1049917949
-1049098662
-1048770977
-1049295241
-1048934811
-1050278214
-1048738152
-1050278118
-1048836292
-1049950409
-1050114258
-1049852124
-1048869050
-1049458823
-1049720947
-1048737789
-1048836084
-1049327616
-1048934314
-1049393065
-1048639388
-1048934300
-1048802954
-1051589059
-1052703100
-1052735774
-1052079810
-1052571333
-1052374701
-1054439889
-1054767570
-1052932462
-1053063548
-1053555002
-1053653298
-1053653268
-1053817146
-1053554953
-1053882634
-1053128968
-1053063344
-1054800053
-1054734494
-1054308517
-1054013615
-1053620328
-1052964949
-1053227099
-1053718222
-1054013135
-1053914838
-1053292062
-1053095442
-1053455887
-1053259267
-1055881711
-1056438719
-1055750589
-1056242111
-1056668084
-1055390143
-1055193425
-1055095110
-1056766312
-1056602434
-1055783240
-1056110910
-1056602417
-1056897321
-1056373045
-1055717443
-1055160341
-1055619031
-1054996333
-1056732680
-1056437751
-1055782353
-1055913387
-1057847723
-1057454516
-1058437464
-1057847621
-1057323331
-1057552750
-1057356111
-1057290593
-1058371769
-1057421406
-1057388609
-1057126493
-1057749066
-1057683518
-1058043924
-1058600818
-1058568016
-1058535200
-1058567980
-1057617469
-1057682988
-1057551790
-1057027494
-1060698333
-1060173964
-1060305045
-1059616938
-1059682386
-1059289167
-1059223650
-1059289104
-1060468782
-1060992993
-1059256308
-1061156817
-1059518357
-1059092391
-1059288936
-1059452705
-1060239100
-1060763374
-1060402605
-1062238702
-1062336992
-1061681649
-1061747171
-1061779679
-1061484776
-1061419229
-1061288173
-1061877971
-1062336630
-1062467712
-1062926458
-1062926396
-1061353438
-1062631150
-1061943011
-1062368967
-1061352907
-1061418408
-1061189043
-1061221824
-1064008136
-1064335750
-1064171896
-1064302603
-1063385134
-1064302589
-1064499127
-1064302477
-1064990645
-1065023424
-1063942062
-1064138625
-1064433361
-1064826563
-1065285213
-1064564350
-1065121288
-1064007185
-1064760700
-1065055616
-1066858821
-1066662231
-1066432836
-1066334541
-1065973770
-1065482268
-1066039173
-1067448205
-1065744270
-1066334093
-1067120500
-1066563279
-1065776883
-1065481933
-1065678587
-1065940672
-1066530488
-1065875028
-1065973277
-1065973309
-1065645621
-1065842149
-1066071505
-1065481607
-1066169792
-1065612633
-1065940304
-1066300637
-1067381995
-1066562762
-1066726649
-1066956010
-1066792123
-1065907388
-1068005704
-1068398702
-1068791926
-1068922978
-1067972705
-1067874357
-1067808810
-1068398626
-1068038170
-1068136493
-1069053906
-1068857286
-1069185018
-1069414336
-1068463807
-1068725924
-1068725939
-1069118619
-1068758190
-1068430503
-1070463257
-1069611126
-1070299221
-1070692436
-1070430270
-1069905884
-1069610939
-1070102301
-1070626572
-1071150836
-1071445738
-1070954162
-1070790327
