-2040788045
-2041050192
-2042491996
-2042623055
-2040624214
-2043212850
-2043769904
-2043474980
-2044032033
-2043212895
-2043573361
-2044228796
-2044064963
-2044130523
-2043704538
-2046521285
-2046685141
-2046586849
-2046652451
-2046357756
-2045833454
-2045702451
-2046030143
-2046620011
-2046816638
-2046784233
-2046718740
-2046063716
-2046489670
-2046620760
-2046817459
-2046391584
-2047470846
-2047765753
-2047372534
-2047864103
-2047601975
-2047405404
-2047602000
-2048716150
-2048290125
-2047667523
-2048617886
-2047831449
-2047962567
-2048913006
-2048028340
-2048421605
-2048814821
-2048028377
-2047373319
-2046914586
-2048913527
-2048815232
-2047668377
-2048716979
-2047996070
-2048422039
-2048585858
-2047701154
-2048422143
-2047832293
-2047766750
-2047635692
-2047963451
-2048061765
-2048192846
-2047537533
-2047078774
-2047865251
-2048389538
-2047767040
-2047930872
-2046882564
-2048684853
-2048783170
-2047407088
-2047374328
-2047669242
-2047570955
-2046948516
-2046915786
-2047014181
-2046948620
-2046948630
-2049699191
-2049404230
-2050682213
-2049305974
-2049371482
-2049371530
-2050551215
-2050026906
-2050223562
-2050158072
-2049043932
-2050387561
-2049339115
-2049208049
-2049044182
-2050780994
-2050355518
-2049798466
-2049667435
-2049732954
-2049831264
-2050388330
-2049012154
-2049733040
-2050519452
-2050388516
-2050585133
-2050486796
-2050945548
-2050782015
-2050749610
-2050323652
-2049733836
-2050717004
-2050880853
-2051534253
-2051468770
-2051042799
-2052451834
-2051796468
-2051763649
-2052353573
-2051206695
-2051599913
-2053041996
-2052386677
-2052943868
-2053042192
-2052583454
-2052616374
-2052780190
-2052026629
-2051469581
-2052714768
-2051436906
-2051895629
-2053009741
-2052354395
-2051731794
-2051174807
-2051797434
-2052878759
-2052780489
-2052387309
-2051928527
-2051764673
-2051895804
-2051699217
-2051207709
-2052747779
-2052649588
-2052911757
-2055171478
-2055105933
-2055138746
-2054647294
-2054450729
-2053762574
-2054975043
-2053861041
-2053500607
-2054385339
-2053795562
-2053500642
-2054188910
-2053205868
-2053205847
-2054418299
-2054942605
-2055073685
-2054942720
-2053632058
-2055139348
-2053238807
-2055205053
-2053402917
-2053140864
-2054189422
-2053566883
-2053861769
-2053632548
-2054255109
-2054189586
-2053337731
-2054878476
-2054223117
-2053764362
-2054649109
-2055957900
-2056842714
-2057104869
-2057268756
-2056973939
-2057072230
-2056318616
-2056515543
-2056843228
-2055401507
-2055237679
-2055827638
-2055696549
-2055237801
-2057269489
-2056122652
-2056581393
-2057040486
-2056287367
-2055992457
-2056811658
-2057073809
-2056713463
-2056746276
-2057237784
-2058481056
-2058972572
-2058579450
-2059267575
-2057825792
-2058776090
-2057825824
-2057727576
-2057793331
-2058022713
-2057531639
-2058940652
-2058088722
-2058252902
-2057695835
-2059367140
-2059039473
-2059334764
-2057368842
-2057467191
-2060447156
-2061462990
-2061102546
-2060479963
-2059922884
-2060185099
-2059824648
-2059726542
-2060119921
-2061070174
-2060873584
-2061168501
-2060087174
-2060218630
-2060218667
-2060054849
-2060251474
-2059662048
-2059531322
-2059695192
-2059990115
-2060219588
-2060416221
-2061497588
-2061137141
-2061725240
-2063429305
-2063396510
-2062773972
-2061692633
-2062446335
-2062348125
-2062839671
-2062643460
-2061857104
-2061627713
-2063036737
-2063036952
-2062185074
-2062054474
-2061988950
-2061923393
-2062644342
-2061694093
-2061661439
-2063299930
-2062972254
-2062972247
-2064477727
-2064150022
-2065329676
-2063920849
-2065362799
-2065297251
-2065493882
-2065330427
-2064314622
-2064642336
-2064969991
-2065068333
-2064216568
-2064052763
-2065297984
-2065232425
-2064577048
-2064708185
-2064183884
-2064085648
-2065560221
-2065429132
-2064642692
-2064905134
-2064413622
-2065527732
-2065691565
-2064118722
-2064348174
-2063758371
-2063758379
-2063823939
-2067230842
-2067427447
-2066477238
-2067034335
-2065723664
-2066608651
-2067395135
-2067395117
-2066149923
-2065953704
-2066379693
-2066609067
-2067559760
-2067395911
-2068344603
-2069098604
-2069524571
-2068344997
-2068672654
-2069131846
-2069852966
-2069852978
-2069656763
-2069296314
-2071228234
-2070409051
-2071064583
-2070540341
-2069950545
-2070507616
-2071392364
-2070704249
-2070802581
-2070081665
-2070147730
-2070377129
-2070082225
-2071622275
-2071720593
-2070311565
-2071622362
-2071393008
-2071098135
-2070442780
-2070737896
-2071065581
-2070213626
-2070705138
-2071426230
-2071164086
-2072376027
-2072638157
-2073949161
-2074211300
-2074342365
-2076177596
-2076046549
-2076144861
-2077586373
-2077225933
-2077029319
-2076537799
-2077488245
-2077357166
-2076603573
-2077291653
-2077029517
