-1049132933
-1049132944
-1049427819
-1050541631
-2125889445
-2125889453
-1052377053
-1051098764
-1051754112
-1051655779
-1051262583
-1051426375
-1052081699
-1052638742
-2127166976
-2128543163
-2128445050
-2126773789
-2127887874
-2127331176
-2128478031
-2128576362
-2126610377
-2128445325
-1053851590
-1053851566
-1053917005
-1052868451
-1053982528
-1053392709
-1053327189
-1052868279
-1053327068
-2130279743
-2130705712
-2129100224
-2130247064
-2130279901
-2130050518
-2129231289
-2130279926
-2130181613
-2130115998
-2128739794
-2130575103
-2129493699
-2129231522
-2129165975
-2129067685
-2129559242
-2129034899
-2129526507
-2130214737
-2129067870
-2129297354
-2128871376
-2129526738
-2128969673
-2129690569
-1055620996
-1055293386
-1055686560
-1055326099
-1055063999
-1055653667
-1055653627
-1055555313
-1055227635
-1055981311
-1056341554
-1055358546
-1055719003
-2130771254
-2131229996
-2131426609
-2131623216
-2132508269
-2132442747
-2131230387
-2131984121
-2131721958
-2131984109
-2131689212
-2131033776
-2130738850
-2131066556
-2131590897
-1058570210
-1058701247
-1058570199
-2133622017
-2134244736
-2133360110
-2134441367
-2134736270
-2133884412
-2134736279
-2134212094
-2134637984
-2134408619
-2134769026
-2133720561
-2134834812
-2134015501
-2134507011
-2133130893
-2133491340
-2133032838
-2133950422
-2133327758
-2133163978
-2133393285
-2133688280
-1060077486
-1059848107
-1059520428
-1059389346
-1060175797
-2136472814
-2135063821
-2135293191
-2135752310
-2136440444
-2134933127
-2136047233
-2135654186
-2135949119
-2136375116
-2136309571
-2136178480
-2137554169
-2138111359
-2137292036
-2137390347
-2137619826
-2137587050
-2139028894
-2137914755
-2138242436
-2138242443
-2138111610
-2138406508
-2137882226
-2138570328
-2137718399
-2137751259
-2138767041
-2137554633
-2138537670
-2139061963
-2137947887
-2138013389
-2138799798
-2137259706
-1065254857
-1065025486
-1064533939
-1064828456
-1064336941
-2140863992
-2140372443
-2139520497
-2139454905
-2140339667
-2140175824
-2140307017
-2140175934
-2140175965
-2140274260
-2140339768
-2139291329
-2140930003
-1065484226
-1067319176
-1066893062
-1066467096
-1067122458
-1067024110
-1065549371
-1065713180
-1066171968
-1066466820
-1066827253
-1065909689
-1066696173
-1066368489
-1066040772
-1065844172
-1066237391
-1065582036
-1065942485
-1066368337
-1066433863
-1066073423
-1066564952
-1067318406
-1067023534
-1066531996
-1066859681
-2142436948
-2142633525
-2143256139
-2142535215
-2142993987
-2141355824
-2142142310
-2141912892
-2141847404
-2141552442
-2143158256
-2142765037
-1067581307
-1067581221
-1067876208
-1067974503
-1067581183
-1067843038
-1067482581
-1068170716
-1068006850
-2143682166
-2145287787
-2144828955
-2144894524
-2143616592
-2145025593
-2145222206
-2145025675
-2144305138
-2144403432
-2145189881
-2144862201
-2144567289
-1070956463
-1071546269
-1071153045
-1070989215
-1071251382
-1071284138
-1071611601
-1071283869
-1071414982
-1071611552
-1070202246
-1071119717
-1071152509
-1070562461
-1070791839
-1071217763
-1070955615
-1070759023
-2146761654
-2146040837
-2145942594
-2147384411
-2146139163
-2146368566
-2147449964
-2145779261
-2145418847
-2146369152
-2145549886
-2145451709
-2145910450
-2145648301
-2145812157
-2146467481
-2146303677
-2146533369
-2146074618
-1073610637
-1073053694
-1072660479
-1072791373
-1072430940
-1072234334
-1071939284
-1072234185
-1072004769
-1073544931
-1073577584
-1073020507
-1073086060
-1073544799
-1073315415
-1073511755
-1071676778
-1072364873
-1072430209
-1072200833
-1072790653
1639559
1016959
1639342
1115047
1246135
394118
1016750
1311662
1606494
1704756
1966927
1278818
1179909
1114424
1900662
1073741835
1074069627
1073905682
1074167918
1073840242
1074200710
1075445951
1075708105
1075183829
1075249350
1073840400
1074069766
1074823534
1074331912
1073774983
1073971632
1074823554
1075610111
1075675635
1074069893
1073971791
1073840728
1074856683
1074987680
1075184376
1073873586
1075282601
1075184363
1075577624
1075643150
1074988200
1074791677
3867811
2196497
2556958
2458640
3212099
3015494
2786118
4129574
3408226
3146098
2883950
3867007
1075839065
1076199514
1076035681
1076330597
1076363382
1077510308
1076199672
1077280929
1076560091
1076297950
1077903495
1077739679
1076265216
1075905017
1076363771
1077707271
1077215857
1076134454
1077215970
1077347018
1077740649
1077740713
1077511343
1077150883
1076593820
1077183793
1077151012
1076888851
5244119
5014742
5440660
4818064
5702670
5571584
4785153
4981743
4555694
5506033
5964675
5833578
6128503
5538504
5800699
6062727
6259421
4915935
6095540
5178071
5374675
5735147
5669622
5964474
6226516
5571075
5112206
6029601
5800255
5669158
6127927
5931308
4620292
1078984743
1078853643
1078394921
1078427677
1077969017
1077969141
1078427779
1079935440
1078035166
1078264915
1078494394
1079510192
1079280861
1078854996
1078428988
1079674141
1078592843
1079346453
7079041
7242929
6882433
7963767
7963773
6718589
7472253
8061925
7799751
6423508
6488965
6718440
8291298
7046109
8258515
6423406
8323867
6488681
7963095
6619604
8258006
6357386
6390168
6324548
8323214
7864448
7503881
6783058
7897165
7864431
7077893
7340106
1080754191
1080918019
1081442305
1081311357
1080950886
1081540704
1080950897
1080164440
1080590357
1081311339
1081213067
1080787148
1080524981
1080393913
1080328397
1081507974
1081311528
1081147665
1081082148
1080754637
1082065369
1081934383
1081836089
1081967139
1080099669
1081770853
1081049934
1081410384
1081345022
1080951901
1081082892
1081181312
1081541900
1081410862
1081050413
1081312534
1080984847
1081378079
9372775
8946787
10257353
9274322
9700233
9208779
9864133
9405404
10060670
8717078
8618786
9503606
9110291
9601900
9798526
9044718
8913661
9929349
10289792
10191455
10289783
9667199
8978956
8552979
8684042
9634252
10158536
10256866
8782335
8618476
8683860
9404781
9601378
10125484
10354870
10190981
9797802
9994425
9240757
9928843
8487031
10387569
1083867154
1083605023
1083899951
1083179047
1083211985
1083244741
1083900108
1083637958
1083245029
1083507096
1082720752
1083605413
1083146741
1082950122
1083965863
1082557281
1082950490
1082196814
1082721103
1082655667
1082524604
1082131562
1082524774
1083638956
1083934008
1083737378
12452775
12092340
11207636
12420021
10650578
11371468
10519488
11404005
11240174
11862769
11666141
10748570
12026268
11141592
12190098
12026193
12157104
11796663
10813578
10584205
11862191
12320953
11665577
12320961
11108460
1084522520
1084227584
1084588250
1084293340
1085243567
1084227779
1085309349
1085211019
1085079936
1085964712
1086161305
1085145496
1085145633
1084916253
1084916235
1085276696
1086161558
1086128805
1084621557
1085014781
1085211487
1085506415
1084752651
1085408101
1084785412
1085375237
1085998053
1085178838
1086227442
1086030848
1084261569
1085179068
1084228817
1084556458
1084359824
1086293296
1084458267
1085310257
1084917049
1084261690
1085769019
13042596
12714906
14517138
14517120
13730810
12813235
14386038
13435692
13730608
13271872
13599528
13566779
13337379
13009642
13566702
13828838
13894385
13828773
13664913
13042343
13140729
14516717
1088290873
1088094460
1088225501
1088323843
1088323855
1086783898
1086521828
1086685678
1087209971
1087013346
1088356763
1086456400
1086456390
1086816874
1086358108
1086784003
1088094942
1086390960
1086522040
1088389851
1088094967
1087832809
1086948180
1088095033
1088258904
1086882630
1087963971
1088324424
1087505381
1086424038
1087734746
1087898596
1087898606
16122862
14713714
16319104
15303247
15532615
16089717
15204931
14844369
15237585
15532501
14877160
16515419
15892579
16646260
16318562
16580713
1089208417
1089536092
1088946280
1088553037
1088847961
1088487640
1088520397
1089765882
1089470899
1088815498
1089634714
1090322893
1089077653
1089405316
1090355649
1088749995
1089470983
1089798671
1090290194
1090421289
1090028191
1089733277
1088914167
1090323106
1089929864
1088586483
1089798785
1089602212
1088619355
1089700652
1090192205
1089766209
1090224948
1088750495
1089307538
1089700744
1089471386
1090028690
1089733804
1088816480
1089635643
1090127146
1089963342
1089504595
17531792
17400732
17040324
17597203
17466139
17630074
18842433
17597223
18383521
17269387
18154127
16908936
17891989
17564247
18645520
18317881
18612786
18743867
18711110
16941648
17859162
17826179
17826191
18055544
17334589
17105227
16941400
16875855
18219177
17957041
17793182
18284730
18382999
17203318
1091928085
1090584788
1091535042
1090715851
1092092281
1090650416
1092518257
1090715965
1091076443
1090715989
1090978113
1091993986
1091305940
1090748876
1090650548
1091666532
1090781739
1091371613
1091142230
1092321982
1092027066
1090978622
1090585398
1091240842
1091503098
1090651106
1090782093
1092518787
1092191116
1091994605
1091273702
1091535970
1092584535
1092125794
1091798124
1091634385
1091503324
1092093122
1092158756
1092519213
1091175683
1091995031
1092289991
1091274136
1091765707
1091634560
1092060620
1092355456
1092552080
1092486609
18973516
19923515
19366409
19759666
19989034
19694088
20316730
19366385
20578428
20643941
20512877
20054129
1094320142
1094418433
1093304600
1092747545
1094353224
1094320443
1092747529
1093632339
1092976915
1094451542
1092813095
1093501251
1092714894
1093763512
1094287781
1092714884
1093403268
1093370567
1092747972
1093370525
1093272214
1094157076
1093370649
1093665559
1093829401
1093108991
1093403801
1093010586
1094288532
1094452352
1092912370
1093534881
1093665958
1093534962
1093829889
1093469449
1092814114
1093567806
1093895482
1094059410
1094124933
1092781531
1093043665
1094583716
1092814219
21594825
21725906
22217370
21660168
20972070
21594643
21234204
22053375
21135376
21725231
21004296
21954599
1094909959
1095467365
1094746461
1095336341
1095205258
1096778345
1095304036
1094878030
1095533405
1095369558
1096614763
1095697346
1096680438
1096090595
1095697325
1096385509
1096254451
1095828519
1095009406
1095173253
1094878350
1095304426
1094976757
1095632109
1095566676
1095009589
1095075159
1095697728
1094944074
1095402812
1095370134
23429826
23757316
24805978
24838607
24445406
23462366
23626231
23331304
24052220
25067986
1098154464
1097531898
1098514939
1098187245
1097990644
1098613361
1098252919
1098678821
1097073249
1098318443
1097761589
1097565045
1097401155
1097073476
1097139059
1097630534
1097761600
1097991157
1096876959
1097434035
1096942503
1097597864
1098548217
1098449940
1097139504
1097172287
1097336120
26739387
25526908
25559648
25428541
25625193
25526741
25330131
1100612172
1100350038
1099104792
27820694
29229583
29622927
29721092
